=== Linux RAPL Energy Probe ===
Samples : 10 × 1000 ms
Output  : results/linux/rapl-probe-sample.txt

[HH:mm:ss]             pkg_µJ          core_µJ        uncore_µJ          dram_µJ     delta_pkg_µJ
----------------------------------------------------------------------------------------------
[12:47:07]      3,505,841,488    2,860,088,381       47,392,151      358,602,353                0
[12:47:08]      3,531,854,361    2,884,380,311       47,604,919      359,534,968       26,012,873
[12:47:09]      3,558,858,870    2,909,654,111       47,847,594      360,546,318       27,004,509
[12:47:10]      3,566,282,374    2,915,836,895       48,021,483      361,409,536        7,423,504
[12:47:11]      3,571,583,813    2,919,896,821       48,207,457      362,293,261        5,301,439
[12:47:12]      3,579,291,679    2,926,374,771       48,398,740      363,162,827        7,707,866
[12:47:13]      3,581,865,220    2,927,789,929       48,558,103      363,996,504        2,573,541
[12:47:14]      3,584,706,582    2,929,456,062       48,724,179      364,831,219        2,841,362
[12:47:15]      3,587,351,595    2,930,850,834       48,885,372      365,677,164        2,645,013
[12:47:16]      3,591,416,526    2,933,688,290       49,066,463      366,548,500        4,064,931

=== Totals ===
  package :       85,575,038 µJ  (85.5750 J)
  core    :       73,599,909 µJ  (73.5999 J)
  uncore  :        1,674,312 µJ  (1.6743 J)
  dram    :        7,946,147 µJ  (7.9461 J)

Results saved to: results/linux/rapl-probe-sample.txt
